1 39
1.6 109
13 113
100MSDCF 131
18.0.1.exe 151
10.0 257
12.4 301
148 367
1997 367
1. 395
1080p 485
1080p 691
1080p 735
1080p 737
1CDRip 785
1080p 887
1993 919
1960) 945
1 969
17 971
1-Nightmare 1013
10 1061
10 1067
13 1379
1080p 1439
12th 1457
1080p 1475
1080p 1477
1st 1511
13.mkv 1811
1CDRip 2003
1CD 2027
1080p.webm 2065
1.6 2103
1.6.exe 2105
13.0.1.exe 2141
12.4 2179
1 2229
1.6 2307
10.0.2160 2365
13.1.2 2373
16 2441
10.0 2473
10.0.2160.lnk 2561
13.1.2 2567
16.lnk 2589
10.0 2607
192.168.17.24 2633
11.0.1 2828
10.0 2830
10 2832
1.6.9 2882
1983 3052
10 3207
11 3209
12 3211
1 3229
15 3231
16 3233
1981 3313
11_Celine_Dion_-_My_Heart_will_Go_On__Love_Them_from_Titanic_.DVDRip.xecutor50.avi 3487
12 3489
195 3569
1 3781
1 3789
1_3_99 3965
18, 3983
10_13_97 4001
1 4011
1998 4041
15_4_2013 4059
15 4061
1998 4063
1999 4073
1997 4075
11_10.2010 4157
12_17_12 4159
15 4161
1_28_13 4163
1_14_2013 4165
1999 4197
14.Blades.2010.BRRip.Hindi.Eng.[world4free.in].mkv 4209
1080p 4275
1.mkv 4279
1 4299
1-4 4379
13.mkv 4659
1st 4749
1 4763
1080p 4765
1080p 4767
