2013 7
2013 35
2 41
2011 115
2010 247
2013 249
2008 307
2010 309
2001 359
233 369
2003-04 371
2005 379
2002 383
2010.mp4 385
2011 387
2 387
2 397
2) 437
2 441
2001 481
2006 497
2006 499
2 521
2011 537
2007 557
2007 559
2007 561
2007 563
2007 565
2007 567
2008 573
2008 575
2) 643
2013 775
2009 827
2013 831
28 877
2 889
2 891
2013 891
2013 893
2008 921
2005 931
2008 939
2000 941
2009 965
20 973
2012 975
2-Frozen 1015
20,000 1015
23, 1023
2007 1023
22.0.1215.0_chrome_installer.exe 1079
22.0b5.exe 1101
23.0.1.exe 1103
23.0b10.exe 1105
2010 1117
2012 1135
2012 1137
24.0b7.exe 1179
2 1337
2 1355
2013 1357
2013 1375
2012 1437
2013 1439
2 1441
2013 1441
2013 1443
22nd 1455
2013 1455
2013 1457
2013 1475
2013 1477
2013 1487
2013 1493
2013 1511
2013 1513
2 1517
2013 1517
2013 1521
2013 1529
29th 1531
2013 1531
2 1545
2 1557
2 1581
2) 1583
2 1599
2) 1645
2 1659
2006 1667
2008 1685
2 1713
2) 1747
26 1789
2 1793
2_ 1831
2 1839
2 1899
2009 1961
2.mkv 1975
2011 2017
2 2113
2010 2153
2012 2177
2013.5.22 2195
2 2231
2012 2275
2 2277
2011 2311
2007 2345
2013 2455
2010 2459
2013 2461
2012 2527
2013 2595
2010.lnk 2597
2013 2599
2012.lnk 2617
2012LV-WinEng.exe 2770
2007 2842
2010 2844
2012 2866
2003.pdf 2976
2013.htm 3032
2013_files 3034
2013 3052
2 3213
2 3235
2004 3267
2008 3305
2 3357
2003dual 3363
2 3371
23 3399
2007 3461
2003)_TVRip_GemiSantana.mkv 3609
2006 3647
2010-[DOWNLOADSNHACKS.NET].mp4 3655
2010 3665
2 3697
2010 3721
2007 3743
2 3791
2.Duur.mp3 3827
2 3945
2, 3969
2013 3969
2002) 3973
2005) 3975
2002 3983
2011 4021
2002) 4051
2013 4061
2003.FLV 4093
2001 4095
29- 4105
2013 4107
2012 4117
2009 4139
2013 4141
2013 4151
2013 4155
2013 4161
20 4165
2002 4167
2_4_13 4169
2_4_13 4171
2013 4179
2 4181
2001 4187
2_2 4203
29 4205
2010(Hindi).mkv 4207
2013 4215
2012 4237
2013 4251
2008 4261
2010 4277
2.mkv 4281
2 4301
2002 4313
2(2009)[Hindi-Eng][DualAudio]-DVDRip-aaaevilacharya.mkv 4327
2006 4337
2 4351
2_BRrip_Eng+hindi_nsh168810.mkv 4381
2 4393
2 4405
2 4429
2) 4431
2 4447
2) 4493
2 4507
2006 4515
2008 4533
2 4561
2) 4595
26 4637
2 4641
2 4697
2010 4703
2012 4729
2013 4743
2013 4749
29th 4751
2013 4751
2013 4753
2 4757
2013 4757
2013 4765
2013 4767
2013 4777
2013 4783
2013 4787
